NOME                COD. PRECOCP        PRECOVD   QUANT     TOTALPG             TABELA    ULTIMO    
----------------------------------------------------------------------------------------------------
BLOCO DE ALUMINIO   0001 6,2882         0,00     1.289,20   8.106,70            0         8,0000    
CHAPARIA            0002 6,6063         0,00     1.462,26   9.660,20            0         8,0000    
PERFIL              0003 10,6841        0,00     3.608,70   38.555,80           0         10,0000   
TUBINHO             0004 6,4632         0,00     179,20     1.158,20            0         5,0000    
PERFIL ESTRUTURAL   0005 8,4979         0,00     37,60      881,00              0         8,0000    
BATERIA             0006 4,1270         0,00     1.511,80   6.239,20            0         5,0000    
CABO S/ ALMA        0007 9,9046         0,00     0,00       -461,00             0         10,0000   
CABO COM ALMA       0008 0              0,00     0,00       0,00                0         6,0000    
CHUMBO              0009 3,0081         0,00     36,90      111,00              0         3,0000    
INOX                0010 2,5620         0,00     1.117,30   2.862,50            0         2,5000    
MOTOR DE GELADEIRA  0011 8,2436         0,00     172,40     1.421,20            0         10,0000   
PANELA LIMPA        0012 9,9460         0,00     361,00     3.590,50            0         10,0000   
TALK                0013 23,3716        0,00     88,80      2.075,40            0         25,0000   
LATINHA             0014 11,6975        0,00     406,00     4.749,20            0         12,0000   
RODA                0015 10,6626        0,00     32,90      350,80              0         11,0000   
OFF SET             0018 56,0287        0,00     36,80      2.003,00            0         0,0000    
FERRO               0019 0,4043         0,00     230,00     93,00               0         0,4000    
PLACA MAE           0020 25,0000        0,00     66,40      1.660,00            0         25,0000   
PLACA VERDE         0021 11,5836        0,00     89,10      1.032,10            0         7,0000    
PLACA MARROM        0022 4,4952         0,00     166,40     748,00              0         2,5000    
LIXO ELETRONICO     0023 3,7241         0,00     1.484,60   5.528,80            0         0,2000    
COBRE               0024 56,9079        0,00     626,30     35.641,40           0         58,0000   
QUEIMAR             0027 9,9844         0,00     346,60     3.460,60            0         5,0000    
DESCASCAR           0028 22,8844        0,00     159,20     3.643,20            0         21,0000   